"Code.Class"	"Name"	"Accession"	"X20140224_il10_brains_custom2_01.RCC"	"X20140224_il10_brains_custom2_02.RCC"	"X20140224_il10_brains_custom2_03.RCC"	"X20140224_il10_brains_custom2_04.RCC"	"X20140224_il10_brains_custom2_05.RCC"	"X20140224_il10_brains_custom2_06.RCC"	"X20140224_il10_brains_custom2_07.RCC"	"X20140224_il10_brains_custom2_08.RCC"	"X20140224_il10_brains_custom2_09.RCC"	"X20140224_il10_brains_custom2_10.RCC"	"X20140224_il10_brains_custom2_11.RCC"	"X20140224_il10_brains_custom2_12.RCC"	"X20140319_il1ntg_c.2exp3_03.RCC"	"X20140319_il1ntg_c.2exp3_04.RCC"	"X20140319_il1ntg_c.2exp3_05.RCC"	"X20140319_il1ntg_c.2exp3_06.RCC"	"X20140319_il1ntg_c.2exp3_07.RCC"	"X20140319_il1ntg_c.2exp3_08.RCC"	"X20140319_il1ntg_c.2exp3_09.RCC"	"X20140319_il1ntg_c.2exp3_11.RCC"	"X20140319_il1ntg_c.2exp3_12.RCC"	"X20140321_old_mice_bri42.crnd8_07.RCC"	"X20140321_old_mice_bri42.crnd8_08.RCC"	"X20140321_old_mice_bri42.crnd8_09.RCC"	"X20140321_old_mice_bri42.crnd8_10.RCC"	"X20140321_old_mice_bri42.crnd8_11.RCC"	"X20140321_old_mice_bri42.crnd8_12.RCC"
"NM_013454.3"	"Endogenous"	"NM_013454.3"	"NM_013454.3"	8.692	8.645	8.763	7.908	8.274	8.241	8.725	8.521	8.754	8.523	8.009	8.298	8.86	7.89	8.058	7.987	8.243	8.452	7.998	8.072	7.874	8.692	8.565	8.823	8.192	8.116	8.187
"NM_009598.2"	"Endogenous"	"NM_009598.2"	"NM_009598.2"	6.814	6.887	7.365	7.073	6.821	6.892	7.07	6.916	6.86	7.02	6.949	6.929	7.669	6.135	6.489	7.526	6.937	6.955	6.813	6.919	7.161	7.28	7.195	7.365	7.321	7.467	7.384
"NM_007399.3"	"Endogenous"	"NM_007399.3"	"NM_007399.3"	9.498	9.652	9.691	9.577	9.548	9.53	9.56	9.626	9.576	9.606	9.449	9.571	9.785	9.587	9.556	9.593	9.56	9.481	9.647	9.563	9.466	9.682	9.573	9.605	9.567	9.563	9.574
"NM_001277266.1"	"Endogenous"	"NM_001277266.1"	"NM_001277266.1"	7.013	7.32	7.302	7.037	7.22	6.854	7.145	7.458	7.637	7.104	6.96	6.929	7.698	7.14	6.993	7.181	7.153	6.913	7.323	7.059	6.781	7.315	7.138	7.394	7.096	7.165	6.867
"NM_009662.2"	"Endogenous"	"NM_009662.2"	"NM_009662.2"	3.837	3.54	4.633	4.091	3.202	3.732	3.225	4.187	3.461	2.761	3.799	3.182	4.746	4.046	1.745	3.244	2.281	4.54	0	1.915	1.442	3.862	5.04	4.644	4.101	3.535	4.421
"NM_009663.1"	"Endogenous"	"NM_009663.1"	"NM_009663.1"	4.093	5.28	4.992	4.264	3.416	3.644	4.921	5.212	4.571	4.384	4.506	4.022	5.124	3.005	3.064	4.088	4.624	4.976	3.548	2.324	3.584	4.469	3.749	4.067	3.39	3.077	3.786
"NM_001198823.1"	"Endogenous"	"NM_001198823.1"	"NM_001198823.1"	12.92	12.91	12.94	12.96	12.91	12.85	12.87	12.89	12.92	13	12.92	12.86	11.96	11.88	11.9	11.82	11.74	11.85	11.82	11.96	12.78	13.24	13.12	13.22	12.23	12.34	12.32
"NM_000484.3"	"Endogenous"	"NM_000484.3"	"NM_000484.3"	15.9	15.88	15.86	15.98	15.96	15.89	16.03	15.94	15.87	15.98	15.95	16.02	12.88	12.68	12.52	12.51	12.4	12.42	12.8	12.63	15.83	16.01	15.99	15.96	13	13.01	12.98
"NM_007482.3"	"Endogenous"	"NM_007482.3"	"NM_007482.3"	0	0	0	0	0	1.644	0	1.65	0	0	0	0	0	3.005	0	1.784	0	0	0	0	1.442	0	0	0	0	0	0
"NM_012019.2"	"Endogenous"	"NM_012019.2"	"NM_012019.2"	7.757	7.889	7.764	8.034	7.731	8.104	7.811	7.883	7.811	7.801	7.913	7.838	8.065	8.199	7.916	8.037	7.935	7.976	8.027	7.896	7.922	7.402	7.718	7.336	7.679	7.605	7.789
"NM_000041.2"	"Endogenous"	"NM_000041.2"	"NM_000041.2"	0	0	0	0	0	0	0	0	0	0	0	0	0	0	0	0	0	0	0	0	0	0	0	0	0	0	0
"NM_009696.2"	"Endogenous"	"NM_009696.2"	"NM_009696.2"	13.9	13.97	14.04	13.13	13.16	13.23	13.94	14.06	14.03	13.34	13.1	13.33	14.16	13.38	13.05	13.28	13.81	13.48	13.9	13.34	13.21	13.46	13.52	13.65	13.06	13.15	13.24
"NM_009700.2"	"Endogenous"	"NM_009700.2"	"NM_009700.2"	8.968	9.356	9.3	8.913	8.859	8.667	9.021	9.244	9.034	8.74	8.734	9.055	9.289	9.031	9.028	8.788	8.897	8.642	9.124	8.767	8.894	9.505	9.487	9.629	8.606	8.661	8.678
"NM_018790.2"	"Endogenous"	"NM_018790.2"	"NM_018790.2"	6.466	6.51	7.591	7.713	7.685	8.256	6.496	7.758	7.241	7.87	6.557	7.77	6.509	7.379	6.95	8.054	7.882	6.686	6.593	8.168	7.372	7.652	9.353	9.571	9.794	9.885	9.226
"NM_001159598.1"	"Endogenous"	"NM_001159598.1"	"NM_001159598.1"	4.995	5.015	5.518	5.432	5.797	5.911	5.362	5.683	5.878	5.57	5.905	5.648	5.78	5.658	5.522	5.414	5.016	5.222	4.787	4.767	5.109	5.417	5.728	6.118	5.607	5.769	5.859
"NM_009735.3"	"Endogenous"	"NM_009735.3"	"NM_009735.3"	11.41	12.35	12.22	10.58	10.52	10.46	11.41	12.47	11.93	10.62	10.69	10.26	12.2	11.04	11.11	10.16	12.01	11.87	11.83	10.13	10.23	11.86	11.38	11.82	10.23	10.3	10.4
"NM_011792.4"	"Endogenous"	"NM_011792.4"	"NM_011792.4"	8.922	8.887	8.969	9.209	9.104	8.941	9.144	9.036	9.119	9.061	9.008	9.069	8.945	8.999	9.213	8.86	8.937	8.983	8.714	9.042	8.836	9.146	9.24	9.129	9.211	9.131	9.273
"NM_007540.4"	"Endogenous"	"NM_007540.4"	"NM_007540.4"	7.216	7.062	7.425	7.319	6.929	7.071	7.285	7.92	6.974	7.2	6.914	6.929	7.122	7.783	7.299	7.283	7.108	6.995	6.943	7.494	7.065	6.737	6.783	6.745	7.432	7.152	6.76
"NM_007567.2"	"Endogenous"	"NM_007567.2"	"NM_007567.2"	8.992	8.968	9.332	9.261	9.284	8.969	9.296	9.448	9.007	9.192	9.176	9.062	8.716	8.926	8.92	8.964	8.289	8.771	8.732	8.965	8.691	10.02	9.881	9.907	10.11	10.01	9.784
"NM_007572.2"	"Endogenous"	"NM_007572.2"	"NM_007572.2"	10.14	10.4	10.44	9.055	8.58	8.524	9.788	10.69	10.45	8.789	9.104	8.834	10.82	8.679	8.401	7.917	10.2	9.929	10.14	7.962	7.865	10.03	9.933	10.25	8.459	8.454	8.581
"NM_009777.2"	"Endogenous"	"NM_009777.2"	"NM_009777.2"	10.48	11.16	10.86	9.365	9.451	9.048	10.71	11.16	10.6	9.351	8.958	8.764	11.35	9.248	9.073	8.086	10.72	10.33	10.95	8.626	8.865	10.38	10.2	9.955	8.466	8.703	9.177
"NM_023143.3"	"Endogenous"	"NM_023143.3"	"NM_023143.3"	5.922	6.022	5.624	4.746	4.113	3.814	5.815	6.224	5.311	4.437	3.174	3.547	4.746	4.046	5.063	3.244	5.438	5.176	4.087	4.396	4.731	4.565	4.768	5.054	5.17	4.598	5.166
"NM_144938.2"	"Endogenous"	"NM_144938.2"	"NM_144938.2"	0	2.002	0	0	0	0	1.836	2.216	3.461	0	0	0	0	0	1.069	0	1.911	0	2.677	0	0	0.6719	0	2.785	0	0	1.641
"NM_009778.2"	"Endogenous"	"NM_009778.2"	"NM_009778.2"	0.3979	3.669	0	0.8461	0	0	3.109	4.554	2.968	0	0	0.3278	1.449	2.377	3.266	0	3.211	2.779	0.1271	0	0	2.942	2.962	4.44	0	0	1.957
"NM_009779.2"	"Endogenous"	"NM_009779.2"	"NM_009779.2"	6.61	6.887	6.941	5.468	5.034	5.551	6.99	7.394	6.736	5.062	5.369	5.591	6.797	4.799	4.695	0.9534	6.393	6.355	5.893	0	4.112	6.685	6.366	6.989	4.461	4.162	4.52
"NM_007577.4"	"Endogenous"	"NM_007577.4"	"NM_007577.4"	4.377	4.267	3.435	0	0	0	4.814	5.182	4.752	0	0.2547	0	4.233	0	0	0	2.82	4.743	3.548	0	0	3.615	2.563	2.785	2.14	0	0
"NM_001037747.1"	"Endogenous"	"NM_001037747.1"	"NM_001037747.1"	4.17	4.422	3.84	2.621	3.512	3.345	4.228	4.769	4.752	3.705	3.174	3.075	4.512	3.775	3.064	3.643	4.175	4.611	4.479	2.902	3.223	4.469	4.347	4.822	3.939	3.684	4.199
"NM_009807.2"	"Endogenous"	"NM_009807.2"	"NM_009807.2"	5.037	4.861	4.992	4.419	5.524	4.854	5.311	5.596	4.571	5.497	4.886	4.467	5.977	5.736	6.249	4.934	5.578	5.471	5.04	5.164	4.497	5.54	4.833	5.43	5.12	4.671	5.366
"NM_009812.2"	"Endogenous"	"NM_009812.2"	"NM_009812.2"	4.667	4.183	4.633	4.687	4.441	4.551	4.988	5.454	4.913	4.271	4.735	4.509	3.428	4.799	5.008	3.807	5.111	4.864	5.256	4.308	1.442	5.195	4.865	5.19	3.82	3.181	4.472
"NM_011333.3"	"Endogenous"	"NM_011333.3"	"NM_011333.3"	3.272	4.493	4.992	0	1.363	0	2.983	5.503	2.214	0	0	0	3.886	1.242	2.203	0	5.2	5.176	5.443	0	0	3.078	0	1.848	0.9835	0.5784	0
"NM_013653.3"	"Endogenous"	"NM_013653.3"	"NM_013653.3"	4.311	6.403	5.723	0.8461	0.137	0.6445	5.021	6.452	5.878	0	0	0	5.671	0	3.442	0	6.554	6.032	3.548	0	0	0	0	3.094	0	0	0
"NM_007631.2"	"Endogenous"	"NM_007631.2"	"NM_007631.2"	6.22	6.577	5.985	6.092	6.32	5.667	6.13	6.309	6.398	6.538	5.807	6.348	6.572	4.799	5.167	5.308	5.284	5.433	6.88	5.213	4.932	6.768	6.441	7.026	6.718	6.395	6.959
"NM_009841.3"	"Endogenous"	"NM_009841.3"	"NM_009841.3"	3.126	2.863	4.155	2.856	2.645	0	3.987	4.062	0.5392	2.919	2.606	1.683	0	3.44	3.989	0	1.911	1.744	2.677	0	1.442	4.698	4.554	5.19	0.454	0.5784	2.625
"NM_001111058.1"	"Endogenous"	"NM_001111058.1"	"NM_001111058.1"	3.525	4.094	1.931	1.529	3.416	3.345	3.849	4.6	4.752	3.944	1.656	3.376	4.947	0	3.064	2.994	4.084	3.376	0	0	0	4.611	4.735	4.203	3.39	3.181	1.957
"NM_001159555.1"	"Endogenous"	"NM_001159555.1"	"NM_001159555.1"	3.837	4.267	0	4.264	4.231	4.502	4.335	3.607	2.968	3.869	3.322	4.702	4.512	4.471	5.311	5.464	4.175	3.913	6.016	4.308	4.657	5.391	5.012	4.904	4.379	4.307	4.008
"NM_009848.3"	"Endogenous"	"NM_009848.3"	"NM_009848.3"	6.436	6.51	6.136	6.818	6.743	6.622	6.311	6.389	6.503	6.526	6.7	6.808	6.444	7.14	6.921	6.621	6.604	6.636	6.593	6.644	6.051	6.846	6.179	6.654	6.154	5.971	6.505
"NM_001082960.1"	"Endogenous"	"NM_001082960.1"	"NM_001082960.1"	7.142	7.675	6.67	5.152	5.698	5.753	7.167	7.5	7.748	5.77	6.221	5.739	7.488	5.183	4.385	4.703	7.351	7.271	7.323	4.629	2.742	7.042	6.931	7.261	5.793	5.956	5.698
"NM_021334.2"	"Endogenous"	"NM_021334.2"	"NM_021334.2"	0	0	0	0	0	0	0	0	0	0	0	0	0	0	0	0	0	0	0	0	0	1.235	2.01	4.326	0	0	0
"NM_205769.1"	"Endogenous"	"NM_205769.1"	"NM_205769.1"	3.928	4.561	4.992	5.468	5.001	5.345	5.114	5.024	5.954	5.811	5.187	5.136	5.671	6.076	5.311	5.252	5.51	5.779	5.256	5.213	5.765	4.858	4.665	4.545	4.873	5.127	5.419
"NM_007762.4"	"Endogenous"	"NM_007762.4"	"NM_007762.4"	3.525	4.626	4.992	5.468	5.353	5.345	5.114	4.884	3.828	5.594	5.262	5.288	3.428	5.486	5.482	5.07	5.243	4.864	5.609	4.767	4.994	5.442	5.466	5.124	5.744	5.591	5.74
"NM_009987.3"	"Endogenous"	"NM_009987.3"	"NM_009987.3"	8.708	8.986	8.642	8.564	8.312	8.359	8.599	8.983	8.934	8.539	8.517	8.34	9.09	7.924	8.071	7.898	8.519	8.908	8.601	7.552	7.898	9.119	8.893	9.187	7.889	7.926	7.769
"NM_007722.3"	"Endogenous"	"NM_007722.3"	"NM_007722.3"	4.667	5.359	5.403	4.912	5.477	4.774	5.202	5.182	5.878	5.16	4.838	4.965	5.124	4.939	3.742	4.703	5.156	5.029	5.758	5.164	4.218	4.858	4.515	4.981	4.96	4.932	4.742
"NM_009788.4"	"Endogenous"	"NM_009788.4"	"NM_009788.4"	9.792	9.871	9.709	9.87	9.521	9.67	9.718	9.343	9.746	9.707	9.608	9.729	9.648	9.776	9.554	9.748	9.535	9.326	9.589	9.544	9.63	9.767	9.597	9.626	9.546	9.572	9.376
"NM_009804.2"	"Endogenous"	"NM_009804.2"	"NM_009804.2"	8.696	8.703	8.938	8.56	8.663	8.797	8.83	8.704	8.847	8.807	8.751	8.594	8.822	8.441	8.664	8.768	8.69	8.563	8.477	8.58	8.824	8.899	8.715	8.813	8.517	8.595	8.733
"NM_011330.3"	"Endogenous"	"NM_011330.3"	"NM_011330.3"	0	0	0	0	0	0	0	0	0	0	0	0	0	0	0	0	0	0	0	0	0	0	0	0	0	0	0
"NM_011332.3"	"Endogenous"	"NM_011332.3"	"NM_011332.3"	5.33	4.422	3.84	4.859	4.441	4.93	4.658	4.458	4.363	4.212	4.506	3.547	3.886	1.242	3.871	0	4.624	3.203	0	2.641	4.112	4.82	4.433	5.814	5.145	4.307	4.783
"NM_011888.2"	"Endogenous"	"NM_011888.2"	"NM_011888.2"	0	2.002	0	1.529	0.8766	0	1.836	2.433	0	0	0	1.356	0	2.377	2.203	0.9534	1.911	1.123	0	0	0	2.942	0	0	2.491	0	1.641
"NM_011335.2"	"Endogenous"	"NM_011335.2"	"NM_011335.2"	0	0	0	0	0.137	1.966	0	0	2.214	1.865	0.2547	1.95	0	0	0	0	0	0	0	0	0	0	0	0	0	0	0
"NM_011337.2"	"Endogenous"	"NM_011337.2"	"NM_011337.2"	0	0	0	1.991	0	2.966	0	0	0	2.919	2.821	2.175	0	0	0	0	0	1.744	3.548	0	0	3.523	2.563	4.736	0	0	0
"NM_013652.2"	"Endogenous"	"NM_013652.2"	"NM_013652.2"	0	0	0	0	0	0.6445	0	1.96	0	2.146	0	0	0	0	0	0	0.6424	0	0	0	0	3.317	0	3.348	0	0	0
"NM_013654.3"	"Endogenous"	"NM_013654.3"	"NM_013654.3"	1.166	3.54	0	1.991	0	0.6445	1.836	2.788	0	0	0	0	0	0	2.203	0	2.281	2.177	4.479	0	0	0	0	0	0	0	0
"NM_021443.2"	"Endogenous"	"NM_021443.2"	"NM_021443.2"	7.26	8.251	8.348	0	0	0	7.591	8.361	7.831	0	0	0	8.108	0	4.548	0	8.75	7.914	7.662	0	0	1.64	2.01	2.785	0	0	1.641
"NM_009912.4"	"Endogenous"	"NM_009912.4"	"NM_009912.4"	0.3979	0.8706	0	0	0	0	2.102	1.253	0	0	0	0	0	2.377	0	0	2.82	0	0.1271	0	0	0	0	0	0	0	0
"NM_009916.2"	"Endogenous"	"NM_009916.2"	"NM_009916.2"	0	0	0	0	0	0	0	0	0	0	0	0	0	1.242	0	0	0	0	0	0	0	0	0	0	0	0	0
"NM_010016.2"	"Endogenous"	"NM_010016.2"	"NM_010016.2"	5.262	5.948	4.633	5.432	5.758	4.93	5.552	5.325	5.19	5.662	5.402	5.739	5.977	5.736	5.707	5.414	6.006	5.433	5.04	5.515	5.992	4.74	5.067	4.736	4.716	5.127	5.896
"NM_009853.1"	"Endogenous"	"NM_009853.1"	"NM_009853.1"	6.884	7.349	6.457	6.181	6.385	5.984	6.861	7.686	7.241	6.742	6.7	6.393	7.352	5.066	5.217	4.428	6.431	6.032	7.004	3.77	5.362	7.797	7.588	8.006	5.589	5.452	6.086
"NM_007679.4"	"Endogenous"	"NM_007679.4"	"NM_007679.4"	1.665	0	1.931	2.856	0.8766	0.6445	2.692	1.96	2.214	1.865	0	3.282	0	3.44	0	0	0	0.008988	0	0	1.442	3.862	2.563	3.348	2.14	0	3.426
"NM_008198.2"	"Endogenous"	"NM_008198.2"	"NM_008198.2"	4.719	4.493	4.414	1.991	3.602	4.104	4.435	4.728	4.12	3.309	3.58	3.464	4.233	0	0	0	3.651	0	0	0	2.424	4.256	3.996	4.203	1.675	0.5784	2.793
"NM_007687.5"	"Endogenous"	"NM_007687.5"	"NM_007687.5"	11.7	11.72	11.7	11.74	11.69	11.67	11.78	11.75	11.67	11.74	11.75	11.71	11.78	11.81	11.75	11.81	11.89	11.86	11.89	11.86	11.87	11.48	11.59	11.55	11.51	11.54	11.84
"NM_009892.2"	"Endogenous"	"NM_009892.2"	"NM_009892.2"	0	0	0	0	0	0	0	0	0.5392	0	0	0	0	0	0	6.273	0	0	0	0	0	0	0	0	0	0	0
"NM_013492.2"	"Endogenous"	"NM_013492.2"	"NM_013492.2"	13.56	13.44	13.36	13.2	13.13	13.16	13.56	13.54	13.44	13.18	13.21	13.17	13.48	13.25	13.2	13.14	13.22	13.1	13.2	13.22	13.13	13.48	13.43	13.56	12.94	12.97	13.08
"NM_080454.3"	"Endogenous"	"NM_080454.3"	"NM_080454.3"	6.466	6.874	6.513	6.79	6.912	6.939	6.973	7.216	6.284	7.113	5.974	6.96	6.509	5.486	6.677	6.3	6.871	6.601	6.88	7.359	6.833	7.421	6.847	7.097	7.354	7.637	8.015
"NM_001037726.1"	"Endogenous"	"NM_001037726.1"	"NM_001037726.1"	7.607	7.46	7.425	7.612	7.706	7.477	7.376	7.599	7.614	7.765	7.438	7.501	7.581	7.52	7.68	7.795	7.533	7.346	7.37	7.423	7.277	7.92	7.773	7.881	7.929	7.682	7.351
"NM_007768.4"	"Endogenous"	"NM_007768.4"	"NM_007768.4"	0	0	0	0	0	0	0	0	0	0	0	0	0	0	0	0	0	0	0	0	0	0	0	0	0	0	0
"NM_001113530.1"	"Endogenous"	"NM_001113530.1"	"NM_001113530.1"	6.872	7.002	7.617	6.9	6.619	6.721	7.108	7.355	6.82	6.699	6.542	6.898	6.797	6.247	6.406	6.125	6.773	6.601	6.813	6.474	6.849	7.874	7.674	7.776	6.983	6.909	7.195
"NM_001037859.2"	"Endogenous"	"NM_001037859.2"	"NM_001037859.2"	7.53	8.188	8.057	7.771	7.701	7.627	7.502	7.743	8.123	7.964	7.725	7.709	7.805	7.278	7.076	6.707	7.882	7.645	7.173	7.005	6.849	8.799	8.704	8.797	7.871	7.904	7.564
"NM_007798.2"	"Endogenous"	"NM_007798.2"	"NM_007798.2"	8.177	8.104	7.897	7.855	7.842	7.953	8.093	8.378	8.308	7.977	7.877	7.783	7.831	7.667	7.431	7.526	8.14	7.602	7.806	7.653	7.673	8.567	8.341	8.559	8.13	8.238	8.044
"NM_009982.4"	"Endogenous"	"NM_009982.4"	"NM_009982.4"	7.687	8.718	8.691	6.325	6.672	6.087	8.127	8.68	8.56	6.425	6.587	6.562	8.571	6.351	6.586	6.273	8.439	7.864	7.905	6.138	6.515	7.287	7.086	7.307	5.957	5.735	6.392
"NM_009983.2"	"Endogenous"	"NM_009983.2"	"NM_009983.2"	12.35	12.68	12.62	12.28	12.02	12.16	12.23	12.79	12.53	12.26	12.5	12.17	12.91	11.87	11.74	11.65	12.44	12.22	12.58	11.52	11.77	12.84	12.78	13.08	11.57	11.58	11.76
"NM_021274.1"	"Endogenous"	"NM_021274.1"	"NM_021274.1"	2.573	4.914	4.633	2.34	0	0	3.849	5.089	3.461	2.146	0	0	1.449	0	4.296	0.9534	4.966	4.216	4.479	0	0	5.738	4.592	4.44	1.926	0	0.6722
"NM_009141.2"	"Endogenous"	"NM_009141.2"	"NM_009141.2"	0	4.094	0	3.665	3.767	3.814	3.526	0	2.968	3.061	0	3.075	0	3.005	3.064	3.244	3.373	0	0	0	2.424	5.586	4.592	5.373	3.939	2.007	2.944
"NM_011339.2"	"Endogenous"	"NM_011339.2"	"NM_011339.2"	0	0	0	0	0	0	0	0	0	0	0	0	0	0	0	0	0	0	0	0	0	0	0	0	0	0	0
"NM_008599.4"	"Endogenous"	"NM_008599.4"	"NM_008599.4"	3.928	5.998	5.143	0	0	0.6445	4.051	5.527	5.798	0	0	0	4.947	3.775	5.167	2.308	6.52	4.921	5.256	0	0	3.078	0	2.785	0	0	0
"NM_009911.3"	"Endogenous"	"NM_009911.3"	"NM_009911.3"	4.864	4.914	4.633	3.894	3.512	3.814	4.435	5.429	5.422	3.79	3.174	1.95	1.449	4.046	3.871	4.324	0	3.007	0	0	3.872	4.136	3.68	2.785	3.304	2.564	2.793
"NM_033374.3"	"Endogenous"	"NM_033374.3"	"NM_033374.3"	3.126	3.241	1.931	0	1.363	0.6445	0	3.197	2.214	0	2.821	0	0	1.242	0	0	3.519	2.779	0.1271	0	0	2.942	4.105	3.094	2.326	0	2.435
"NM_001025947.1"	"Endogenous"	"NM_001025947.1"	"NM_001025947.1"	10.02	10.13	10.2	10.16	10.18	10.03	10.15	10.07	10.22	10.04	10.13	10.14	10.14	10.23	10.27	10.18	10.14	10.25	10.04	10.22	10.09	9.895	9.982	10	10.02	10.05	10.08
"NM_199307.2"	"Endogenous"	"NM_199307.2"	"NM_199307.2"	7.53	7.478	7.565	7.563	7.48	7.303	7.705	7.728	7.727	7.728	7.678	7.649	7.422	7.428	7.322	7.337	7.176	7.346	7.662	7.78	7.214	7.792	7.798	7.84	8.083	7.76	7.659
"NM_177942.1"	"Endogenous"	"NM_177942.1"	"NM_177942.1"	7.681	8.346	8.348	8.176	8.427	8.296	8.572	8.272	8.62	8.405	8.314	8.443	8.108	8.679	8.514	8.238	8.14	8.378	8.27	8.264	8.417	8.453	8.379	8.13	8.224	8.183	8.857
"NM_000146.3"	"Endogenous"	"NM_000146.3"	"NM_000146.3"	0	0	0	0	0	0	0	0	0	0	0	0	0	0	0	0	0	0	0	0	0	0	0	0	0	0	0
"NM_010240.2"	"Endogenous"	"NM_010240.2"	"NM_010240.2"	10.22	10.23	10.26	9.946	9.89	9.923	9.954	10.26	10.12	9.885	9.87	10.09	10.15	9.675	9.799	9.72	9.757	9.813	10.02	9.753	9.684	10.84	10.79	10.8	10.58	10.42	10.35
"NM_010189.3"	"Endogenous"	"NM_010189.3"	"NM_010189.3"	5.877	6.246	6.812	6.325	6.41	6.274	6.69	7.012	6.284	6.526	6.432	6.639	7.352	6.623	6.469	6.901	6.698	6.885	6.943	6.392	6.361	6.252	6.075	6.452	6.306	5.85	6.481
"NM_010185.4"	"Endogenous"	"NM_010185.4"	"NM_010185.4"	6.068	6.326	6.337	4.963	4.286	4.732	6.038	7.117	6.736	5.446	5.299	5.214	6.689	5.066	5.008	3.643	6.393	6.083	6.743	2.324	4.58	6.35	6.102	6.217	4.843	4.397	5.256
"NM_010186.5"	"Endogenous"	"NM_010186.5"	"NM_010186.5"	6.583	7.108	6.62	4.912	4.173	5.104	6.507	7.321	6.342	5.062	5.262	5.264	7.352	5.392	4.828	0	6.937	6.618	6.813	4.01	2.742	5.717	5.36	5.124	4.612	2.843	4.613
"NM_010188.5"	"Endogenous"	"NM_010188.5"	"NM_010188.5"	6.466	6.733	6.457	5.571	5.3	5.711	6.376	7.003	6.937	5.192	5.73	5.889	7.28	5.811	5.599	5.004	6.336	6.718	6.512	4.556	4.731	6.084	6.021	6.424	4.96	4.635	5.312
"NM_001077189.1"	"Endogenous"	"NM_001077189.1"	"NM_001077189.1"	8.743	9.161	8.236	6.776	6.619	6.274	8.668	9.513	9.495	7.121	6.926	6.8	9.446	6.78	6.763	6.328	8.429	9.416	8.853	6.327	6.515	7.987	7.402	7.698	6.191	6.109	6.739
"NM_144559.1"	"Endogenous"	"NM_144559.1"	"NM_144559.1"	6.802	7.175	6.273	2.621	0	0.6445	6.564	8.293	7.271	1.054	0	0	7.551	3.005	4.624	3.643	6.885	7.216	7.225	1.915	1.442	4.005	2.709	2.391	0.9835	0	0.6722
"NM_030707.3"	"Endogenous"	"NM_030707.3"	"NM_030707.3"	7.044	7.53	8.301	5.947	6.166	6.883	7.376	8.065	7.439	5.028	4.933	6.572	5.78	5.066	5.311	5.96	6.255	6.87	6.593	2.641	6.188	8.226	7.423	5.856	6.83	5.493	5.84
"NM_022009.1"	"Endogenous"	"NM_022009.1"	"NM_022009.1"	7.614	7.75	7.979	7.705	7.983	7.705	7.755	7.937	7.705	8.017	7.636	7.91	7.905	7.765	7.532	7.429	7.454	7.654	8.113	7.561	7.798	8.318	8.251	8.172	8.334	8.062	8.239
"NM_010234.2"	"Endogenous"	"NM_010234.2"	"NM_010234.2"	3.272	4.561	4.992	5.947	5.677	6.49	4.435	5.618	4.363	6.538	4.075	6.404	4.746	6.581	4.95	5.414	6.275	4.976	5.256	6.305	5.408	5.696	7.336	7.664	7.922	8.317	7.564
"NM_001077411.1"	"Endogenous"	"NM_001077411.1"	"NM_001077411.1"	6.569	6.594	6.812	6.265	6.989	6.732	6.68	6.832	6.647	6.71	6.061	6.348	6.848	6.493	6.677	7.023	6.374	6.53	5.893	6.235	6.816	7.177	7.157	7.008	7.183	7.067	7.028
"NM_001131020.1"	"Endogenous"	"NM_001131020.1"	"NM_001131020.1"	10.44	10.27	10.2	9.715	9.249	9.386	10.23	10.88	10.27	9.66	9.558	9.625	10.41	8.917	8.779	8.362	9.202	9.019	9.757	8.63	9.656	11.05	11.02	11.34	8.474	8.515	9.2
"NM_008170.2"	"Endogenous"	"NM_008170.2"	"NM_008170.2"	8.916	9.094	8.907	9.488	9.329	8.916	9.185	9.18	8.806	9.296	9.201	8.888	8.957	9.007	9	9.211	8.94	9.023	9.151	9.114	8.949	9.664	9.463	9.501	9.673	9.613	9.452
"NM_002087.2"	"Endogenous"	"NM_002087.2"	"NM_002087.2"	0	0	0	0	0	0	0	0	0	0	0	0	0	0	0	0	0	0	0	0	0	0	0	0	0	0	0
"NM_008175.3"	"Endogenous"	"NM_008175.3"	"NM_008175.3"	9.22	9.536	9.276	9.029	8.906	8.951	9.187	9.551	9.007	9.111	9.065	9.055	9.438	8.587	8.591	8.245	9.258	8.942	9.151	8.771	8.732	9.694	9.6	9.851	8.855	8.964	8.828
"NM_001081081.2"	"Endogenous"	"NM_001081081.2"	"NM_001081081.2"	11	11.1	11.19	11.24	11.37	11.21	11.19	11.19	11.09	11.2	11.12	11.05	11.17	11.25	11.25	11.28	11.28	11.27	11.19	11.26	11.19	10.97	11.06	10.98	11.16	11.13	11.08
"NM_010368.1"	"Endogenous"	"NM_010368.1"	"NM_010368.1"	6.69	7.186	7.334	6.181	6.359	6.502	6.879	7.109	6.937	6.721	6.658	6.393	7.203	5.392	5.741	5.733	6.275	6.686	6.512	5.306	6.051	7.17	7.018	6.97	5.824	5.881	6.118
"NM_010382.2"	"Endogenous"	"NM_010382.2"	"NM_010382.2"	3.928	6.266	5.903	2.34	0	0	6.159	7.273	6.503	0	0	0	6.066	3.005	4.624	0	6.03	5.129	5.893	0	0	0	3.274	3.564	2.14	0	2.625
"NM_010381.2"	"Endogenous"	"NM_010381.2"	"NM_010381.2"	6.202	9.196	8.038	0	3.202	2.966	8.097	9.795	3.828	1.865	1.119	2.694	8.796	6.351	6.586	0	9.535	0	8.785	0	0.4772	6.178	4.801	4.545	3.621	4.001	0
"NM_010442.2"	"Endogenous"	"NM_010442.2"	"NM_010442.2"	4.667	5.109	5.403	4.859	4.05	4.854	5.23	5.745	5.526	4.844	3.58	4.509	5.671	4.046	3.6	4.088	5.578	3.203	4.787	4.308	4.218	6.051	5.978	6.217	4.873	4.261	5.004
"NM_001172117.1"	"Endogenous"	"NM_001172117.1"	"NM_001172117.1"	3.74	4.094	5.143	0	0	2.229	2.845	4.356	3.828	2.761	0	0.9313	0	1.242	0	0	3.651	2.177	0	0	0	3.203	2.01	0.9656	1.675	0	0
"NM_013560.2"	"Endogenous"	"NM_013560.2"	"NM_013560.2"	5.683	5.998	5.985	5.921	5.871	5.452	5.173	6.038	5.058	5.57	5.262	5.629	5.671	6.581	6.272	5.605	5.877	5.581	6.016	6.033	5.315	6.266	6.441	6.048	6.142	6.096	5.933
"NM_024441.2"	"Endogenous"	"NM_024441.2"	"NM_024441.2"	0	0	0	0	0	2.644	2.102	1.253	2.214	2.381	2.821	2.369	0	0	1.069	0	0	0.008988	0	0	0	0.6719	0	0.9656	0	2.71	2.215
"NM_031156.2"	"Endogenous"	"NM_031156.2"	"NM_031156.2"	7.732	7.935	8.019	8.11	8.04	7.859	8.038	7.906	8.187	8.017	7.953	7.933	8.304	8.253	8.242	8.149	8.1	8.182	7.771	8.174	8.064	7.85	7.896	7.541	7.904	7.881	7.993
"NM_001164477.1"	"Endogenous"	"NM_001164477.1"	"NM_001164477.1"	4.44	5.197	3.84	4.264	4.231	3.966	4.698	5.704	4.913	4.384	3.989	4.424	5.78	4.939	4.469	3.807	5.51	5.545	4.787	3.77	4.112	4.78	3.274	4.545	3.304	3.819	4.742
"NM_008337.3"	"Endogenous"	"NM_008337.3"	"NM_008337.3"	0	0	0	0	0	0	0	0	0	0	0	0	0	0	0	0	0	0	0	0	0	0	0	0	0	0	0
"NM_001111274.1"	"Endogenous"	"NM_001111274.1"	"NM_001111274.1"	4.013	3.669	0	3.536	3.602	3.732	2.521	3.416	2.968	3.521	3.457	1.95	3.886	4.274	3.064	0.9534	4.175	2.509	0	1.343	3.223	5.195	3.938	5.19	4.421	3.454	3.525
"NM_008342.3"	"Endogenous"	"NM_008342.3"	"NM_008342.3"	6.826	7.691	7.021	7.742	7.814	7.496	7.123	7.375	7.465	8.017	7.563	7.704	7.905	7.958	7.839	8.231	7.567	7.735	7.771	7.997	7.824	7.934	7.802	8.087	8.2	8.18	8.109
"NM_008343.2"	"Endogenous"	"NM_008343.2"	"NM_008343.2"	5.037	5.758	5.518	5.895	5.853	6.02	5.574	5.917	6.027	5.617	6.295	5.824	5.281	6.3	5.741	5.252	5.877	5.779	6.016	5.765	5.315	6.147	5.964	6.248	6.117	5.956	6.102
"NM_010517.3"	"Endogenous"	"NM_010517.3"	"NM_010517.3"	8.737	8.794	8.82	9.141	8.859	8.468	9.048	9.339	8.433	8.869	8.867	8.807	8.957	8.699	8.586	9.097	8.85	8.935	8.75	8.847	8.807	8.909	9.05	9.001	9.202	8.974	9.205
"NM_010518.2"	"Endogenous"	"NM_010518.2"	"NM_010518.2"	8.032	7.821	7.302	7.651	7.883	7.515	8.085	7.906	7.871	7.87	7.636	7.557	7.52	7.278	7.58	7.351	7.24	7.531	7.624	7.523	7.691	8.283	8.278	8.335	7.477	7.488	8.006
"NM_010548.1"	"Endogenous"	"NM_010548.1"	"NM_010548.1"	10.84	9.825	10.07	0	0	0	8.994	9.517	9.918	0	0	0	6.444	0	0	0	11.09	11.63	9.638	0	0	0	0	0	0	0	0
"NM_008361.3"	"Endogenous"	"NM_008361.3"	"NM_008361.3"	0.3979	4.346	4.414	0	1.726	0	3.987	4.554	0.5392	0	0	2.175	2.754	0	0	2.308	3.519	4.122	2.677	0	0	0	0	0.9656	0	0	0
"NM_021283.2"	"Endogenous"	"NM_021283.2"	"NM_021283.2"	0	0	0	0	0	0	0	0	0	0	0	0	0	3.005	0	0	0	0	0	0	0	0	0	0	0	0	0
"NM_031168.1"	"Endogenous"	"NM_031168.1"	"NM_031168.1"	0	0	0	0	0	2.229	0	0	0	0	0	0.3278	0	0	0	0	0	0	0	0	0	0	0	0.9656	0	0	0
"NM_008410.2"	"Endogenous"	"NM_008410.2"	"NM_008410.2"	12.26	12.43	12.3	12.2	12.25	12.09	12.32	12.31	12.39	12.32	12.1	12.21	12.39	11.99	12.13	12	12.16	12.13	12.26	12.04	12.03	12.54	12.49	12.56	12.37	12.41	12.4
"NM_021999.2"	"Endogenous"	"NM_021999.2"	"NM_021999.2"	0	0	0	0	1.363	0	0	2.433	0	0	0	0	0	0	0	0	0	0	0	0	0	0	0	0	0	0	0
"NM_008349.5"	"Endogenous"	"NM_008349.5"	"NM_008349.5"	7.054	7.415	7.203	6.732	6.471	6.678	7.231	7.308	6.736	6.538	6.415	6.792	7.581	6.742	6.844	6.576	7.049	7.146	7.806	6.514	6.451	6.574	6.775	6.452	5.999	6.199	6.456
"NM_008351.2"	"Endogenous"	"NM_008351.2"	"NM_008351.2"	2.782	0	0	2.856	3.512	2.966	2.521	3.996	2.214	0	0	3.182	0	0	0	0	2.281	0.008988	0	0.3822	2.015	0	0.6001	1.848	0.9835	2.401	3.617
"NM_010554.4"	"Endogenous"	"NM_010554.4"	"NM_010554.4"	0	0	0	0	0	0.6445	0	1.253	3.461	0	0	0	0	0	0	0	0	2.177	0	0	0	0	0	0	0	0	0
"NM_001123382.1"	"Endogenous"	"NM_001123382.1"	"NM_001123382.1"	5.574	5.668	4.992	4.912	5.273	5.426	5.739	5.378	5.526	5.662	4.933	4.773	5.124	5.949	5.356	5.851	5.111	4.976	5.256	5.591	4.868	6.001	5.693	5.974	5.241	5.299	5.896
"NM_031167.5"	"Endogenous"	"NM_031167.5"	"NM_031167.5"	0	0	0	0	0	0	0	0.7046	0	0	0	0	0	0	0	0	0	0	0	0	0	0	0	0	0	0	0
"NM_010559.2"	"Endogenous"	"NM_010559.2"	"NM_010559.2"	4.311	4.561	3.84	4.746	4.787	4.644	4.283	4.644	4.363	4.993	4.838	4.509	4.746	3.44	3.442	4.211	4.175	4.805	5.893	4.767	3.584	4.932	5.546	5.682	4.461	4.56	4.421
"NM_008371.2"	"Endogenous"	"NM_008371.2"	"NM_008371.2"	0	0	0	0	0	0	0	0	0	0	0	0	0	0	0	0	0	0	0	0	0	0	0	0	0	0	0
"NM_009909.3"	"Endogenous"	"NM_009909.3"	"NM_009909.3"	0	0	0	0	0	0	0	0	0	0	0	0	0	1.242	0	0	0	0	0	0	0	0	0	0	0	0	0
"NM_008404.4"	"Endogenous"	"NM_008404.4"	"NM_008404.4"	5.922	6.07	5.723	4.344	4.748	4.644	5.679	6.295	6.284	4.632	5.59	4.872	6.376	4.274	3.064	4.324	5.735	5.897	0.1271	2.641	2.742	6.295	6.252	6.767	4.682	4.635	4.783
"NM_001190830.1"	"Endogenous"	"NM_001190830.1"	"NM_001190830.1"	3.637	3.787	2.871	1.991	2.805	3.229	4.051	4.408	3.461	1.865	2.353	1.683	3.428	0	3.064	0	3.211	0	5.443	2.324	0	3.784	4.554	5.124	3.304	3.753	3.205
"NM_010717.2"	"Endogenous"	"NM_010717.2"	"NM_010717.2"	7.823	7.495	7.741	7.546	7.828	7.839	7.597	7.643	7.59	7.913	7.725	7.846	7.611	7.428	7.916	7.65	7.525	7.687	7.544	7.513	7.535	8.15	8.318	8.121	8.133	8.138	8.137
"NM_008512.2"	"Endogenous"	"NM_008512.2"	"NM_008512.2"	9.924	9.779	10.03	9.977	10.17	9.784	10.19	10.11	10.07	10.27	9.972	10.13	9.893	9.655	9.704	9.693	9.796	9.963	9.908	9.918	9.792	10.77	10.72	10.73	10.75	10.62	10.58
"NM_025730.3"	"Endogenous"	"NM_025730.3"	"NM_025730.3"	6.741	7.085	6.719	7.828	7.55	7.386	7.108	7.375	7.329	7.153	7.454	7.137	7.805	7.606	7.617	7.595	7.24	7.407	7.416	7.533	6.898	7.192	7.267	6.989	7.511	7.344	7.769
"NM_198578.2"	"Endogenous"	"NM_198578.2"	"NM_198578.2"	4.558	5.197	4.992	5.947	5.098	5.345	5.202	5.325	4.752	4.92	5.59	4.773	4.233	4.274	5.311	4.703	3.884	4.122	4.479	3.314	3.997	6.309	6.166	6.083	6.512	6.069	5.719
"NM_010736.3"	"Endogenous"	"NM_010736.3"	"NM_010736.3"	4.558	4.626	1.931	3.536	4.113	4.502	4.616	4.99	2.968	4.72	4.933	4.872	5.552	4.799	4.296	4.428	5.156	5.267	5.443	4.01	3.003	5.282	4.833	4.644	4.151	4.001	4.783
"NM_010745.2"	"Endogenous"	"NM_010745.2"	"NM_010745.2"	8.897	9.662	9.495	7.882	7.823	7.868	8.75	9.55	9.47	8.228	8.031	7.918	9.618	7.304	7.409	6.919	9.321	9.237	9.559	6.679	7.417	8.94	8.653	9.042	7.031	7.31	7.626
"NM_001159711.1"	"Endogenous"	"NM_001159711.1"	"NM_001159711.1"	4.719	4.493	3.435	4.687	4.05	5.372	5.337	5.182	2.968	4.586	4.735	4.424	3.886	4.274	3.871	0	4.417	4.304	5.04	2.902	4.41	4.518	5.04	5.254	5.095	4.741	4.613
"NM_017372.3"	"Endogenous"	"NM_017372.3"	"NM_017372.3"	6.69	7.32	7.425	6.286	5.379	5.399	7.1	7.915	6.974	5.999	6.183	5.857	7.752	6.581	6.921	6.883	7.609	6.927	7.84	5.393	5.109	7.508	7.76	7.881	5.218	4.671	5.719
"NM_005910ex1.1"	"Endogenous"	"NM_005910ex1.1"	"NM_005910ex1.1"	0	0	0	0	0	0	0	0	0	0	0	0	0	0	0	0	0	0	0	0	0	0	0	0	0	0	0
"NM_005910ex10.1"	"Endogenous"	"NM_005910ex10.1"	"NM_005910ex10.1"	3.126	0.8706	0	2.34	3.602	3.892	2.983	3.853	0.5392	2.381	3.457	3.699	0	4.046	0	0	1.911	3.203	0	0	0.4772	4.565	2.841	4.545	4.461	4.353	4.314
"NM_010766.2"	"Endogenous"	"NM_010766.2"	"NM_010766.2"	0	0	0	0	0	0	0	0	0	0	0	0	0	0	0	0	0	0	2.677	0	0	0	0	0	0	0	0
"NM_008606.2"	"Endogenous"	"NM_008606.2"	"NM_008606.2"	4.013	3.398	0	3.393	3.602	4.037	3.526	3.073	2.968	3.79	3.174	3.376	4.233	3.775	4.099	2.308	3.211	1.744	2.677	0	2.015	4.136	3.074	2.785	3.82	3.077	2.944
"NM_008610.2"	"Endogenous"	"NM_008610.2"	"NM_008610.2"	1.665	0.8706	0	3.894	2.95	2.644	3.432	2.433	2.214	2.381	0.2547	2.369	3.886	2.377	0	0	0	1.123	0	2.641	0.4772	3.078	3.274	3.918	2.639	2.217	3.08
"NM_010809.1"	"Endogenous"	"NM_010809.1"	"NM_010809.1"	0	0	0	0	0	0	0	0	0	0	0	0	0	0	0	0	0	0	0	0	0	0	0	0	0	0	0
"NM_013599.2"	"Endogenous"	"NM_013599.2"	"NM_013599.2"	0	0	0	0	0.137	0	0	1.253	0	0	1.656	0.3278	0	0	0	4.088	0	0	0	0	0	0	0	0	0.9835	0	2.625
"NM_010755.3"	"Endogenous"	"NM_010755.3"	"NM_010755.3"	0	0	0	0	0.137	2.229	1.51	1.96	2.214	1.865	0	0	0	2.377	0	0	0	0	0	0	0	2.791	2.01	4.067	1.37	0	2.944
"NM_010757.2"	"Endogenous"	"NM_010757.2"	"NM_010757.2"	4.44	3.897	4.155	3.665	4.231	4.502	4.112	3.694	4.12	4.212	4.156	4.079	2.754	3.005	3.064	0.9534	4.26	3.203	0	0.3822	2.424	4.858	4.865	5.586	4.379	4.397	4.567
"NM_009157.4"	"Endogenous"	"NM_009157.4"	"NM_009157.4"	10.47	10.56	10.49	10.49	10.59	10.58	10.5	10.43	10.44	10.6	10.52	10.57	10.75	10.67	10.72	10.68	10.7	10.68	10.78	10.73	10.54	10.38	10.42	10.29	10.37	10.57	10.57
"NM_011943.2"	"Endogenous"	"NM_011943.2"	"NM_011943.2"	6.79	6.939	6.981	6.913	6.693	6.892	6.639	6.832	6.82	6.677	6.792	6.649	6.509	6.817	6.427	6.061	6.467	6.375	6.67	6.474	6.451	6.902	6.939	7.08	6.89	6.697	6.61
"NM_016700.3"	"Endogenous"	"NM_016700.3"	"NM_016700.3"	9.395	9.721	9.603	9.809	9.703	9.707	9.643	9.452	9.39	9.64	9.627	9.619	9.881	9.776	9.967	9.944	9.965	9.878	9.916	9.922	9.869	9.295	9.437	9.43	9.461	9.522	9.698
"NM_001038609ex9_11.1"	"Endogenous"	"NM_001038609ex9_11.1"	"NM_001038609ex9_11.1"	6.481	6.833	6.062	7.119	6.641	6.399	6.618	6.572	5.798	6.182	6.382	6.704	6.572	6.955	6.605	6.598	6.296	6.375	6.743	6.874	6.361	6.768	6.741	6.531	6.919	6.886	6.632
"NM_001038609m.1"	"Endogenous"	"NM_001038609m.1"	"NM_001038609m.1"	9.054	9.358	9.218	9.471	9.443	9.336	9.145	9.418	9.223	9.539	9.387	9.408	9.212	9.179	9.35	9.208	9.078	9.055	9.191	9.391	9.197	9.797	9.797	9.861	9.879	9.911	9.963
"NM_010767.3"	"Endogenous"	"NM_010767.3"	"NM_010767.3"	0	0	0	0	0.137	0	0	1.65	2.214	0.3712	0	1.356	0	0	0	0	0	0	0	0	0	0	0	2.391	3.009	0	3.08
"NM_010776.1"	"Endogenous"	"NM_010776.1"	"NM_010776.1"	0	0	0	0	0	0	0	0	0	0	0	0	0	0	0	0	0	0	0	0	0	0	0	0	0	0	0
"NM_008578.2"	"Endogenous"	"NM_008578.2"	"NM_008578.2"	0	0	0	0	0	0	0	1.253	0.5392	0	0	0	0	0	0	0	0	0	0	0	0	0	0	0.9656	0	0	0
"NM_001170537.1"	"Endogenous"	"NM_001170537.1"	"NM_001170537.1"	11.2	11.21	10.91	11.27	11.27	11.3	11.35	11.13	11.01	11.33	11.16	11.14	11.07	11.03	10.95	11.15	11.17	11.09	11.15	11.19	11.36	11.43	11.28	11.34	11.28	11.36	11.42
"NM_008587.1"	"Endogenous"	"NM_008587.1"	"NM_008587.1"	6.651	6.61	7.203	6.951	6.541	6.477	6.797	6.96	7.21	6.538	6.866	6.833	6.848	7.14	6.935	6.972	6.729	6.87	6.67	7.018	6.051	7.447	7.652	7.871	7.52	7.528	7.829
"NM_024200.4"	"Endogenous"	"NM_024200.4"	"NM_024200.4"	7.377	7.207	6.981	7.667	7.356	7.533	7.479	7.348	6.974	7.522	7.389	7.496	7.669	7.89	7.862	7.64	7.499	7.759	7.585	7.722	7.832	7.573	7.485	7.541	7.683	7.764	8.152
"NM_008625.2"	"Endogenous"	"NM_008625.2"	"NM_008625.2"	5.9	6.266	6.719	4.419	5.128	5.071	6.449	7.069	6.693	5.096	4.886	4.872	5.671	5.486	4.624	5.692	6.744	6.156	5.609	5.515	4.657	5.253	5.221	4.822	5.016	4.671	4.369
"XM_003086124.1"	"Endogenous"	"XM_003086124.1"	"XM_003086124.1"	0	1.545	0	0	0	0	1.51	0	0	0	0	0	0	0	0	0	0	0	0	0	0	0	0	0.9656	0	0	0
"NM_026835.2"	"Endogenous"	"NM_026835.2"	"NM_026835.2"	6.373	6.748	6.719	2.34	3.313	3.345	6.159	6.978	6.693	3.616	4.156	2.541	6.897	1.242	3.442	1.784	6.147	5.581	5.443	0	0	4.419	4.926	4.44	3.82	3.369	3.525
"NM_001113326.1"	"Endogenous"	"NM_001113326.1"	"NM_001113326.1"	3.126	2.863	0	0	0.137	0.6445	4.573	5.152	2.968	0.3712	0	1.356	0	0	0	0	3.029	0	0	0	0	0	1.471	3.348	0	0	0.6722
"NM_010849.4"	"Endogenous"	"NM_010849.4"	"NM_010849.4"	4.953	4.561	3.435	4.419	4.536	4.644	4.921	5.212	4.363	4.212	4.735	4.84	4.512	5.183	4.201	3.954	4.26	4.021	4.787	4.478	3.584	4.82	4.105	5.727	4.247	3.943	5.444
"NM_010824.2"	"Endogenous"	"NM_010824.2"	"NM_010824.2"	1.665	0.8706	0	0	0	0	0	1.65	0	0	0	0	1.449	1.242	0	5.994	0	3.669	0	0	0	0	0	0	0	0	0
"NM_010861.3"	"Endogenous"	"NM_010861.3"	"NM_010861.3"	0	0.8706	0	0	3.081	0.6445	0	0	0	2.919	0	0.3278	0	0	1.069	0	0	0	0	0	0	0	0.6001	1.848	3.212	0	2.944
"NM_145827.3"	"Endogenous"	"NM_145827.3"	"NM_145827.3"	0	2.002	3.435	2.856	2.257	2.229	3.613	2.621	0	3.419	3.322	3.837	2.754	4.046	1.069	0	0	3.007	0.1271	0	0	3.203	4.157	2.391	2.14	0	2.625
"NM_023456.2"	"Endogenous"	"NM_023456.2"	"NM_023456.2"	10.47	9.462	10.03	9.531	9.368	9.254	10.27	9.925	9.582	9.645	9.431	9.438	9.69	9.813	9.109	9.584	9.826	9.636	9.657	9.383	9.642	9.29	9.369	9.255	9.462	9.324	9.584
"NM_010876.3"	"Endogenous"	"NM_010876.3"	"NM_010876.3"	6.088	6.457	5.518	5.468	5.404	4.93	6.006	6.281	6.284	5.282	5.468	5.162	6.509	4.471	5.116	5.004	6.078	5.716	5.609	3.77	2.424	6.685	6.502	7.097	5.241	5.127	4.86
"NM_008604.3"	"Endogenous"	"NM_008604.3"	"NM_008604.3"	6.007	6.642	6.136	6.9	6.553	6.527	6.564	6.165	6.601	6.763	6.817	6.137	6.945	6.581	6.605	6.598	6.898	6.601	6.425	6.731	6.407	6.641	6.472	6.479	6.726	6.901	6.676
"NM_010927.3"	"Endogenous"	"NM_010927.3"	"NM_010927.3"	0	0	0	0	0	0	0	0	0	0	0	0	0	0	0	0	0	0	0	0	0	0	0	0	0	0	0
"NM_183168.2"	"Endogenous"	"NM_183168.2"	"NM_183168.2"	3.525	5.239	2.871	4.091	3.602	3.345	4.482	5.212	5.422	2.761	3.897	3.464	5.671	0	4.891	2.994	4.417	4.611	5.893	3.895	2.742	5.31	4.926	5.43	2.491	1.087	3.205
"NM_027571.3"	"Endogenous"	"NM_027571.3"	"NM_027571.3"	8.001	7.683	7.717	8.769	8.367	8.419	7.623	7.012	7.769	8.789	8.714	8.451	8.34	8.319	8.432	8.433	8.195	8.362	7.937	8.24	8.141	8.523	8.884	9.046	8.267	8.297	8.407
"NM_025800.3"	"Endogenous"	"NM_025800.3"	"NM_025800.3"	10.3	10.26	10.07	10.39	10.24	10.27	10.26	10.19	10.08	10.19	10.37	10.24	10.42	10.41	10.17	10.3	10.2	10.24	10.19	10.28	9.989	10.36	10.22	10.33	10.25	10.31	10.37
"NM_001109752.1"	"Endogenous"	"NM_001109752.1"	"NM_001109752.1"	10.21	10.32	10.28	10.78	10.54	10.43	10.39	10.36	10.39	10.51	10.44	10.46	10.28	10.25	10.19	10.15	9.842	9.978	10.12	10.3	10.11	11.13	11.11	11.14	11.2	11.18	10.71
"NM_001081211.1"	"Endogenous"	"NM_001081211.1"	"NM_001081211.1"	2.573	2.349	1.931	0	3.081	3.452	4.112	4.769	0.5392	1.865	2.353	3.282	0	3.44	2.83	0	4.175	2.177	4.787	0	0	4.367	3.607	4.644	3.39	0	3.786
"NM_008963.2"	"Endogenous"	"NM_008963.2"	"NM_008963.2"	12.46	12.74	12.62	12.67	12.68	13.08	12.6	12.72	12.59	12.8	12.57	13.03	12.78	13.03	12.59	12.93	12.35	12.93	12.81	13.19	13.13	13.33	13.26	13.26	13.26	13.23	13.23
"NM_013641.2"	"Endogenous"	"NM_013641.2"	"NM_013641.2"	0	0	0	0	0	0	0	0	0	0	0	0	0	0	0	0	0	0	0	0	0	0	0	3.094	0	0	0
"NM_008965.1"	"Endogenous"	"NM_008965.1"	"NM_008965.1"	0.3979	2.349	0	0	0	0	0	2.937	0	0	1.119	0	0	0	0	0	0	0	0	0	0	0.6719	0	0	0	0	0
"NM_011198.3"	"Endogenous"	"NM_011198.3"	"NM_011198.3"	5.807	5.869	6.337	6.286	5.547	5.814	6.388	6.754	5.622	5.889	5.881	5.774	5.281	6.4	5.774	6.788	6.502	5.748	6.016	6.371	5.931	5.93	5.506	6.505	6.512	6.374	6.418
"NM_011210.3"	"Endogenous"	"NM_011210.3"	"NM_011210.3"	6.34	6.457	6.062	4.344	4.536	3.892	5.989	6.764	6.451	4.016	4.979	4.807	6.509	4.799	4.828	4.934	6.412	6.493	6.333	2.641	2.742	5.631	5.12	5.936	4.049	3.181	3.864
"NM_001164366.1"	"Endogenous"	"NM_001164366.1"	"NM_001164366.1"	5.191	5.153	5.403	4.804	5.379	5.229	5.053	5.121	5.526	5.546	5.334	5.571	1.449	5.183	4.828	2.308	4.084	4.122	2.677	4.629	3.997	6.758	6.441	6.767	6.463	6.625	6.392
"NM_001163588.1"	"Endogenous"	"NM_001163588.1"	"NM_001163588.1"	0	2.349	1.931	0	3.512	2.814	1.088	1.253	2.214	2.919	0	1.683	0	1.242	4.385	0	2.281	0	0.1271	0	0	2.623	0.6001	3.094	3.009	3.181	3.704
"NM_026880.2"	"Endogenous"	"NM_026880.2"	"NM_026880.2"	10.37	10.44	10.01	10.19	10.28	10.1	10.17	10.12	9.913	10.25	10.02	9.969	9.964	10.22	10	9.941	9.924	9.754	10.28	9.994	10.02	10.67	10.66	10.46	10.48	10.74	10.72
"NM_008877.3"	"Endogenous"	"NM_008877.3"	"NM_008877.3"	0	0	0	0	0	0	0	0	0	0	0	0	0	0	0	0	0	0	0	0	0	0	0	0	0	0	0
"NM_008855.2"	"Endogenous"	"NM_008855.2"	"NM_008855.2"	11.78	11.96	11.97	12.32	12.19	12.04	12.11	12.08	12.03	12.21	12.32	12.01	12.18	11.98	11.95	12.23	12.13	12.2	12.1	12.29	11.98	12.17	12.13	12.15	12.32	12.21	12.24
"NM_013545.2"	"Endogenous"	"NM_013545.2"	"NM_013545.2"	6.048	6.86	6.567	5.537	5.066	5.399	6.388	6.784	6.693	5.366	5.647	5.053	7.316	4.799	4.95	4.934	6.431	6.396	6.88	3.895	4.58	6.539	5.827	6.368	4.421	4.775	4.898
"NM_016740.3"	"Endogenous"	"NM_016740.3"	"NM_016740.3"	7.433	7.396	7.059	6.641	6.92	7.071	7.238	7.315	7.147	6.586	6.33	6.975	7.352	6.581	7.482	7.995	6.729	7.021	7.323	6.552	7.289	7.596	7.444	7.08	6.941	6.688	6.976
"NM_013650.2"	"Endogenous"	"NM_013650.2"	"NM_013650.2"	6.753	7.259	5.723	4.859	4.05	3.892	6.618	4.507	5.19	6.343	4.933	4.237	0	3.775	4.695	10.83	5.643	7.928	7.46	0	2.424	5.133	2.962	4.644	4.336	4.212	0.6722
"NM_009114.2"	"Endogenous"	"NM_009114.2"	"NM_009114.2"	2.573	4.422	0	0	0	0	2.521	1.96	0	1.516	0	0	1.449	2.377	0	7.804	0	3.53	5.256	0	0	0	0	0	0	0	0
"NM_009243.3"	"Endogenous"	"NM_009243.3"	"NM_009243.3"	0	0	0	0	2.016	0	2.983	0	0	0	0	0	0	1.242	0	0	0	0	0.1271	0	0	2.791	2.219	2.785	0.454	0	1.236
"NM_009252.2"	"Endogenous"	"NM_009252.2"	"NM_009252.2"	7.835	6.246	6.981	5.997	5.758	5.644	6.769	7.659	6.86	6.257	5.951	6.176	6.897	5.574	5.264	5.07	5.544	5.393	6.593	5.061	5.693	8.449	8.393	8.434	6.104	5.785	6.576
"NM_000454.4"	"Endogenous"	"NM_000454.4"	"NM_000454.4"	0	0	0	0	0	0	0	0	0	0	0	0	0	0	0	0	0	0	0.1271	0	0	0	0	0	0	0	0
"NM_011434.1"	"Endogenous"	"NM_011434.1"	"NM_011434.1"	12.12	12.15	12	11.83	12.1	12.14	12.11	12.13	12.14	12.1	11.93	12.14	12.34	12.35	12.33	12.3	12.31	12.37	12.07	12.32	12.26	11.96	11.96	11.94	11.92	11.92	12.26
"NM_213659.2"	"Endogenous"	"NM_213659.2"	"NM_213659.2"	8.372	8.518	8.751	8.224	8.064	8.083	8.657	8.693	8.608	8.197	8.218	8.283	8.54	8.157	8.156	7.961	8.217	8.452	8.499	8.039	7.807	8.807	9.007	8.996	8.236	8.205	8.423
"NM_009284.2"	"Endogenous"	"NM_009284.2"	"NM_009284.2"	6.237	6.346	6.398	6.021	6.293	6.002	6.23	6.572	6.398	6.357	6.277	5.857	6.509	6.135	6.072	5.96	5.93	6.179	6.593	5.627	6.188	6.706	5.934	6.452	5.899	6.211	6.61
"NM_009776.3"	"Endogenous"	"NM_009776.3"	"NM_009776.3"	2.782	3.897	0	2.34	2.645	0	2.521	3.926	4.752	0	0	0	0	0	2.55	0	1.412	0	3.548	0	0	4.256	2.219	4.326	3.939	1.087	2.435
"NM_013669.1"	"Endogenous"	"NM_013669.1"	"NM_013669.1"	11.43	11.13	11.32	11.28	11.3	11.25	11.48	11.31	11.26	11.24	11.2	11.3	11.17	11.17	11.04	11.01	11.01	11.05	11.36	11.16	11.22	11.26	11.24	11.2	11.22	11.29	11.48
"XM_128139.6"	"Endogenous"	"XM_128139.6"	"XM_128139.6"	6.753	6.61	6.62	6.846	6.753	6.633	6.965	6.803	7.147	6.655	6.644	6.952	6.945	6.581	6.993	6.482	6.744	6.601	6.425	6.843	6.616	7.301	7.232	7.245	7.359	7.19	6.867
"NM_009221.2"	"Endogenous"	"NM_009221.2"	"NM_009221.2"	9.093	8.989	9.148	8.998	9.011	8.885	9.156	9.073	8.785	8.973	9.036	8.904	9.495	9.32	8.993	9.167	9.231	9.182	9.164	9.281	9.431	8.443	8.446	8.501	8.576	8.623	8.909
"NM_007375.3"	"Endogenous"	"NM_007375.3"	"NM_007375.3"	0	0	0	0	0	0	0	0	0	0	0	0	0	0	0	0	0	0	0	0	0	0	0	0	0	0	0
"NM_001003899.2"	"Endogenous"	"NM_001003899.2"	"NM_001003899.2"	9.518	9.887	9.762	9.926	9.834	9.783	9.844	9.831	9.955	9.713	9.867	9.748	10.03	10.22	10.05	10.09	10.08	10.05	10.09	10	10.07	9.813	9.677	9.739	9.809	9.845	10.1
"NM_001044384.1"	"Endogenous"	"NM_001044384.1"	"NM_001044384.1"	2.782	0	0	0	0.8766	0	2.326	3.926	2.968	0	0	1.356	0	0	0	0	0	0	0	0	0	2.791	2.563	3.348	0	0	0
"NM_031178.2"	"Endogenous"	"NM_031178.2"	"NM_031178.2"	1.166	4.346	4.633	1.991	2.805	1.229	2.983	3.926	4.12	0	2.046	1.356	3.428	0	2.203	0	3.029	3.53	2.677	0	0	3.317	3.365	4.822	1.926	0.5784	2.435
"NM_133212.2"	"Endogenous"	"NM_133212.2"	"NM_133212.2"	0	0	0	0	0	0	0	0	0	0	0	0	0	0	0	0	0	0	0	0	0	0	0	0	0	0	0
"NM_011609.4"	"Endogenous"	"NM_011609.4"	"NM_011609.4"	5.395	6.287	5.723	5.947	5.758	5.345	5.778	6.692	5.622	5.85	5.703	5.757	6.066	6.135	5.599	5.559	5.85	5.581	6.016	4.117	5.765	6.874	6.75	7.198	5.571	5.61	5.859
"NM_011610.3"	"Endogenous"	"NM_011610.3"	"NM_011610.3"	0	0	0	0	0	0	0	0	0	0	0	0	0	0	0	0	0	0	0	0	0	0	0	0	0	0	0
"NM_011613.3"	"Endogenous"	"NM_011613.3"	"NM_011613.3"	0	0	0	0	0	0	0	0.7046	0	0	0	0	0	1.242	0	0	0	0	0	0	0	0	0	0	0	0	0
"NM_009404.3"	"Endogenous"	"NM_009404.3"	"NM_009404.3"	0	0	0	0	0	0	0	0	0	0	0	0	0	0	0	0	0	0	0	0	0	0	0	0	0	0	0
"NM_013693.2"	"Endogenous"	"NM_013693.2"	"NM_013693.2"	0	0	0	0	0	0	0	0	0	0	0	0	0	0	0	0	0	0	0	0	0	0	0	0	0	0	0
"NM_027763.1"	"Endogenous"	"NM_027763.1"	"NM_027763.1"	0	0	0	0	1.363	0.6445	0	1.65	0.5392	0	0	0	0	0	0	0	0	0	0	0	0	1.955	0	0	0	0	0
"NM_001033405.2"	"Endogenous"	"NM_001033405.2"	"NM_001033405.2"	0	0	0	0	0	0	0	0	0	0	0	0	0	0	0	0	0	0	0	0	0	0	0	0	0	0	0
"NM_001033922.2"	"Endogenous"	"NM_001033922.2"	"NM_001033922.2"	0	0	0	0	0	0	0	0	0	0	0	0	0	0	2.83	2.308	0	0	0	0	0	0	0	0	0	0	0.6722
"NM_011577.1"	"Endogenous"	"NM_011577.1"	"NM_011577.1"	6.127	5.998	6.062	5.537	5.273	5.477	5.834	6.253	5.878	5.42	5.56	5.757	5.281	5.392	5.311	4.861	5.016	4.976	5.256	4.7	3.735	6.652	6.75	6.989	5.678	5.591	5.781
"NM_009368.2"	"Endogenous"	"NM_009368.2"	"NM_009368.2"	6.146	6.204	5.723	6.383	6.074	6.168	6.115	6.253	5.878	6.102	5.881	6.336	6.229	5.949	5.741	5.362	5.611	5.31	6.593	5.627	5.899	6.562	6.204	6.424	6.684	6.52	6.676
"NM_009370.2"	"Endogenous"	"NM_009370.2"	"NM_009370.2"	7.161	7.757	7.591	7.571	7.766	7.804	7.564	8.011	7.566	7.955	7.987	8.041	7.725	7.707	7.732	7.466	7.664	7.513	7.624	7.533	7.606	8.142	8.121	8.305	7.586	7.498	7.881
"NM_030682.1"	"Endogenous"	"NM_030682.1"	"NM_030682.1"	3.126	4.861	0	0	0	0	4.616	4.246	4.12	2.381	2.046	1.683	2.754	2.377	0	0	4.26	2.509	2.677	0	0	3.935	2.01	4.326	0	0	0
"NM_011905.2"	"Endogenous"	"NM_011905.2"	"NM_011905.2"	3.837	1.545	0	0	0	0	1.088	3.694	0	0	0	0	0	0	0	0	0	0	0	0	0	3.317	1.765	2.785	0.454	0	1.957
"NM_021297.2"	"Endogenous"	"NM_021297.2"	"NM_021297.2"	4.17	4.561	4.414	3.894	3.916	4.229	5.23	5.182	4.12	4.149	3.693	3.837	3.428	3.775	3.442	3.457	4.966	4.611	0	1.915	4.218	4.968	4.896	5.254	4.336	4.212	3.617
"NM_011604.3"	"Endogenous"	"NM_011604.3"	"NM_011604.3"	4.769	0	0	1.529	1.363	3.732	2.102	4.6	2.214	1.054	0	2.959	2.754	3.44	0	1.784	2.576	4.122	0.1271	0	1.442	1.64	2.563	2.785	2.491	0	2.944
"NM_133211.3"	"Endogenous"	"NM_133211.3"	"NM_133211.3"	2.035	4.689	3.435	0.8461	2.95	2.229	2.102	4.187	0.5392	2.761	2.821	2.959	3.428	3.005	2.55	3.457	3.772	0.008988	0.1271	0	1.442	5.224	4.433	4.822	3.757	2.007	3.426
"NM_133977.2"	"Endogenous"	"NM_133977.2"	"NM_133977.2"	11.25	12	11.76	11.21	11.7	11.54	11.88	11.96	11.85	11.88	11.86	11.9	11.99	11.49	12	11.66	11.72	12.01	11.76	12.17	11.82	12.49	12.89	12.44	12.16	11.73	11.82
"NM_021406.5"	"Endogenous"	"NM_021406.5"	"NM_021406.5"	0	0	0	0	0	0	0	0	2.214	0	0	0	0	3.44	1.069	0	0	0	0.1271	0	0	0	0	0	0	0	0
"NM_031254.2"	"Endogenous"	"NM_031254.2"	"NM_031254.2"	7.225	7.628	7.395	7.196	6.703	6.957	6.982	7.506	7.769	7.169	7.337	6.695	7.551	6.4	6.072	6.125	7.208	7.085	6.88	4.396	5.8	8.718	8.633	9.103	6.203	6.306	5.915
"NM_011662.2"	"Endogenous"	"NM_011662.2"	"NM_011662.2"	9.041	9.574	9.226	8.85	8.621	8.686	8.73	9.754	9.127	9.005	9.344	8.868	10	8.053	8.003	7.898	9.172	9.177	9.618	7.635	8.258	10.04	9.867	10.35	7.805	7.76	8.306
"NM_009377.1"	"Endogenous"	"NM_009377.1"	"NM_009377.1"	4.614	4.267	4.155	3.236	4.286	5.527	3.613	4.554	2.968	5.64	4.443	5.591	4.512	4.644	4.469	0.9534	2.281	4.921	0.1271	3.633	1.442	4.78	4.735	4.326	4.988	5.101	4.742
"NM_019639.4"	"Endogenous"	"NM_019639.4"	"NM_019639.4"	11.21	11.21	11.37	11.38	11.33	11.2	11.23	11.27	11.31	11.47	11.24	11.28	11.02	11.09	11.07	11.05	10.92	11.07	11.11	11.27	10.93	11.92	11.91	11.95	11.83	11.76	11.68
"NM_152234.2"	"Endogenous"	"NM_152234.2"	"NM_152234.2"	7.621	7.27	7.538	7.667	7.701	7.563	7.467	7.553	7.517	7.534	7.758	7.744	7.387	7.606	7.462	7.672	7.281	7.79	6.943	7.722	7.663	7.556	7.418	7.567	7.462	7.394	7.702
"NM_011708.3"	"Endogenous"	"NM_011708.3"	"NM_011708.3"	6.884	6.527	7.133	6.625	6.641	6.104	7.224	7.045	7.147	6.763	6.496	7.083	6.444	6.3	5.741	6.432	6.604	6.652	7.062	6.874	6.24	6.63	6.839	6.581	6.559	6.135	6.959
"NM_021394.2"	"Endogenous"	"NM_021394.2"	"NM_021394.2"	3.126	5.32	4.633	0	1.726	0	3.987	5.843	4.752	0	0.2547	0	5.671	3.005	3.871	0	5.904	5.352	5.443	0	0	2.433	0	2.391	0.9835	0	0
"NM_000345.3"	"Endogenous"	"NM_000345.3"	"NM_000345.3"	10.14	9.956	9.938	10.13	9.889	9.772	10.06	9.909	9.809	9.667	9.827	9.604	9.905	9.992	9.719	9.72	9.893	9.927	9.986	9.817	10.03	9.505	9.437	9.413	9.597	9.525	9.487
"NM_023279.2"	"Endogenous"	"NM_023279.2"	"NM_023279.2"	10.84	10.79	11.01	11.03	11	11.04	10.98	10.85	11.08	11.07	10.94	11.01	10.73	11.01	10.94	10.97	10.84	10.91	10.88	11	10.97	10.89	11	10.9	10.87	10.92	11.34
"NM_013484.2"	"Endogenous"	"NM_013484.2"	"NM_013484.2"	4.614	5.153	4.824	0.8461	3.416	3.345	5.311	5.152	5.422	3.705	2.046	4.628	5.552	4.471	4.296	0	4.861	4.122	4.087	2.641	3.584	4.136	3.607	3.752	3.939	2.71	4.822
"NM_011413.2"	"Endogenous"	"NM_011413.2"	"NM_011413.2"	10.16	10.25	10.46	8.04	7.573	7.61	10.15	10.67	10.31	8.126	7.889	8.25	10.24	7.606	8.01	6.53	9.608	9.922	9.775	6.812	7.429	11.01	10.92	11.16	8.469	8.343	8.391
"NM_053094.2"	"Endogenous"	"NM_053094.2"	"NM_053094.2"	2.329	2.002	0	3.058	2.805	2.229	3.774	3.775	2.214	0	0	1.356	0	3.775	1.069	0.9534	1.911	0	0	0	0	3.615	0	2.785	3.939	3.454	3.864
"NM_026114.3"	"Endogenous"	"NM_026114.3"	"NM_026114.3"	8.477	8.945	8.616	8.929	8.826	8.639	8.631	8.795	8.732	8.647	8.635	8.693	8.796	8.775	8.863	8.793	8.829	8.865	8.639	8.742	8.755	8.385	8.417	8.4	8.476	8.34	8.327
"NM_019411.4"	"Endogenous"	"NM_019411.4"	"NM_019411.4"	11.75	11.92	11.84	11.96	11.93	11.94	11.83	11.89	11.71	11.86	11.9	11.86	12.06	12.08	12	12.1	11.96	11.98	11.97	12.06	11.94	11.78	11.79	11.73	11.87	11.91	11.96
"NM_009305.2"	"Endogenous"	"NM_009305.2"	"NM_009305.2"	11.19	11.11	10.93	11.21	11.12	11.11	11.02	11.01	11.16	11.21	11.17	11.03	10.64	10.78	10.87	10.78	10.72	10.81	10.89	10.97	10.87	11.61	11.55	11.6	11.63	11.58	11.2
"NM_008872.2"	"Endogenous"	"NM_008872.2"	"NM_008872.2"	6.982	6.791	7.021	6.703	6.586	6.49	7.014	7.186	6.736	6.732	6.587	6.722	7.352	7.019	7.103	7.072	6.714	6.669	6.593	6.812	6.898	6.727	6.716	6.912	6.799	6.74	6.858
"NM_007913.5"	"Endogenous"	"NM_007913.5"	"NM_007913.5"	7.478	8.058	8.269	9.174	9.063	9.116	8.085	8.404	8.294	9.057	8.821	9.177	8.248	8.874	8.69	9.073	8.443	8.559	8.853	9.458	8.331	8.673	9.621	9.478	10.13	10.09	9.824
"NM_001003908.1"	"Housekeeping"	"NM_001003908.1"	"NM_001003908.1"	12.72	12.75	12.83	12.77	12.88	12.78	12.88	12.8	12.78	12.87	12.78	12.82	12.98	12.88	12.92	12.88	12.91	12.96	12.9	12.96	12.84	12.67	12.68	12.73	12.68	12.69	12.87
"NM_001001303.1"	"Housekeeping"	"NM_001001303.1"	"NM_001001303.1"	13.99	13.94	13.86	14.01	13.94	13.94	13.89	13.93	13.87	14.02	14.01	13.93	13.69	13.76	13.75	13.87	13.82	13.79	13.7	13.74	13.77	14.33	14.28	14.25	14.26	14.23	13.97
"NM_013556.2"	"Housekeeping"	"NM_013556.2"	"NM_013556.2"	11.44	11.59	11.57	11.49	11.47	11.56	11.5	11.48	11.53	11.41	11.51	11.53	11.76	11.7	11.72	11.65	11.72	11.71	11.85	11.63	11.61	11.04	11.07	11.05	11.13	11.19	11.41
"NM_008828.2"	"Housekeeping"	"NM_008828.2"	"NM_008828.2"	12.44	12.51	12.46	12.46	12.49	12.57	12.47	12.5	12.32	12.47	12.51	12.47	12.66	12.66	12.67	12.69	12.69	12.62	12.71	12.6	12.67	12.33	12.33	12.29	12.32	12.35	12.56
"NM_011655.5"	"Housekeeping"	"NM_011655.5"	"NM_011655.5"	10.94	10.75	10.81	10.8	10.76	10.68	10.79	10.82	11.03	10.76	10.72	10.78	10.44	10.54	10.48	10.44	10.39	10.46	10.38	10.61	10.63	11.18	11.17	11.2	11.14	11.08	10.73
"NEG_A"	"Negative"	"NEG_A"	"ERCC_00096.1"	0	0	0	0	0	0	0	0	0	0	0	0	0	0	0	0	0	0	0	0	0	0	0	0	0	0	0
"NEG_B"	"Negative"	"NEG_B"	"ERCC_00041.1"	0	0	0	0	0	0	0	0	0	0	0	0	0	0	0	0	0	0	0	0	0	0	0	0	0	0	0
"NEG_C"	"Negative"	"NEG_C"	"ERCC_00019.1"	0	0	0	0	0	0	0	0	0	0	0	0	0	0	0	0	0	0	0	0	0	0	0	0	0	0	0
"NEG_D"	"Negative"	"NEG_D"	"ERCC_00076.1"	0	0	0	0	0	0	0	0	0	0	0	0	0	0	0	0	0	0	0	0	0	0	0	0	0	0	0
"NEG_E"	"Negative"	"NEG_E"	"ERCC_00098.1"	0	0	0	0	0	0	0	0	0	0	0	0	0	0	0	0	0	0	0	0	0	0	0	0	0	0	0
"NEG_F"	"Negative"	"NEG_F"	"ERCC_00126.1"	0	0	0	0	0	0	0	0	0	0	0	0	0	0	0	0	0	0	0	0	0	0	0	0	0	0	0
"NEG_G"	"Negative"	"NEG_G"	"ERCC_00144.1"	0	0	0	0	0	0	0	0	0	0	0	0	0	0	0	0	0	0	0	0	0	0	0	0	0	0	0
"NEG_H"	"Negative"	"NEG_H"	"ERCC_00154.1"	0	0	0	0	0	0	0	0	0	0	0	0	0	0	0	0	0	0	0	0	0	0	0	0	0	0	0
"POS_A"	"Positive"	"POS_A"	"ERCC_00117.1"	13.29	13.36	13.12	13.09	12.95	13.12	12.84	13	13.28	13.03	12.89	12.68	12.83	13.31	13.15	13.26	13.13	13.29	13.1	13.22	13.1	13.33	13.21	13.32	13.22	12.75	11.7
"POS_B"	"Positive"	"POS_B"	"ERCC_00112.1"	11.88	12.02	11.71	11.66	11.6	11.74	11.49	11.65	11.82	11.71	11.53	11.33	11.58	12.03	11.99	12.02	11.99	12.12	11.66	12.05	11.84	11.71	11.66	11.69	11.64	11.12	10.21
"POS_C"	"Positive"	"POS_C"	"ERCC_00002.1"	9.903	10.14	9.679	9.814	9.732	9.833	9.629	9.746	10.04	9.739	9.52	9.427	9.718	10.3	10.1	10.21	10.09	10.28	9.908	10.18	10	9.74	9.711	9.809	9.665	9.07	8.187
"POS_D"	"Positive"	"POS_D"	"ERCC_00092.1"	7.909	7.828	7.668	7.529	7.317	7.779	7.443	7.464	7.59	7.696	7.405	7.24	8.19	7.99	7.846	8.004	7.533	8.035	7.873	7.82	7.673	7.711	7.515	7.592	7.558	6.909	6.15
"POS_E"	"Positive"	"POS_E"	"ERCC_00035.1"	4.17	5.469	3.435	4.559	4.536	4.452	4.228	4.644	5.058	4.586	3.897	3.547	3.886	4.644	4.385	4.088	5.064	4.387	0	4.117	2.742	4.655	4.629	5.635	4.873	3.883	3.319
"POS_F"	"Positive"	"POS_F"	"ERCC_00034.1"	3.272	3.241	1.931	2.856	2.645	3.229	3.109	1.253	2.214	2.761	1.656	1.683	2.754	1.242	3.442	0	3.373	0	0	2.324	3.003	2.214	2.219	1.848	3.881	0	0
